      time         0         1         2
  0.000000  0.095151  0.887370  0.556050
  0.001750  0.094500  0.883383  0.553719
  0.003500  0.093857  0.879417  0.551403
  0.005250  0.093220  0.875473  0.549101
  0.007000  0.092590  0.871549  0.546814
  0.008750  0.091966  0.867645  0.544542
  0.010500  0.091349  0.863762  0.542285
  0.012250  0.090739  0.859900  0.540042
  0.014000  0.090135  0.856058  0.537813
  0.015750  0.089537  0.852236  0.535599
  0.017500  0.088945  0.848434  0.533399
  0.019250  0.088360  0.844652  0.531213
  0.021000  0.087781  0.840890  0.529040
  0.022750  0.087208  0.837148  0.526882
  0.024500  0.086640  0.833425  0.524738
  0.026250  0.086079  0.829722  0.522607
  0.028000  0.085524  0.826038  0.520490
  0.029750  0.084974  0.822373  0.518386
  0.031500  0.084430  0.818727  0.516295
  0.033250  0.083892  0.815101  0.514218
  0.035000  0.083359  0.811493  0.512154
  0.036750  0.082832  0.807904  0.510104
  0.038500  0.082310  0.804333  0.508066
  0.040250  0.081794  0.800781  0.506041
  0.042000  0.081283  0.797248  0.504029
  0.043750  0.080778  0.793733  0.502030
  0.045500  0.080277  0.790236  0.500043
  0.047250  0.079782  0.786757  0.498070
  0.049000  0.079292  0.783296  0.496108
  0.050750  0.078807  0.779853  0.494159
  0.052500  0.078328  0.776428  0.492222
  0.054250  0.077853  0.773020  0.490298
  0.056000  0.077383  0.769630  0.488386
  0.057750  0.076918  0.766257  0.486485
  0.059500  0.076457  0.762902  0.484597
  0.061250  0.076002  0.759564  0.482721
  0.063000  0.075551  0.756243  0.480857
  0.064750  0.075105  0.752939  0.479004
  0.066500  0.074663  0.749652  0.477163
  0.068250  0.074226  0.746382  0.475333
  0.070000  0.073794  0.743129  0.473516
  0.071750  0.073366  0.739892  0.471709
  0.073500  0.072942  0.736672  0.469914
  0.075250  0.072523  0.733468  0.468130
  0.077000  0.072108  0.730281  0.466358
  0.078750  0.071698  0.727110  0.464596
  0.080500  0.071291  0.723955  0.462846
  0.082250  0.070889  0.720816  0.461106
  0.084000  0.070491  0.717693  0.459378
  0.085750  0.070097  0.714586  0.457660
  0.087500  0.069707  0.711495  0.455954
  0.089250  0.069322  0.708419  0.454258
  0.091000  0.068940  0.705359  0.452572
  0.092750  0.068562  0.702314  0.450897
  0.094500  0.068188  0.699285  0.449233
  0.096250  0.067818  0.696271  0.447579
  0.098000  0.067451  0.693273  0.445935
  0.099750  0.067089  0.690289  0.444302
  0.101500  0.066730  0.687321  0.442679
  0.103250  0.066375  0.684367  0.441066
  0.105000  0.066024  0.681429  0.439463
  0.106750  0.065676  0.678505  0.437870
  0.108500  0.065332  0.675596  0.436287
  0.110250  0.064991  0.672702  0.434714
  0.112000  0.064654  0.669822  0.433151
  0.113750  0.064320  0.666956  0.431598
  0.115500  0.063990  0.664105  0.430054
  0.117250  0.063663  0.661269  0.428520
  0.119000  0.063339  0.658446  0.426996
  0.120750  0.063019  0.655638  0.425481
  0.122500  0.062703  0.652843  0.423975
  0.124250  0.062389  0.650063  0.422479
  0.126000  0.062079  0.647296  0.420993
  0.127750  0.061772  0.644543  0.419515
  0.129500  0.061468  0.641804  0.418047
  0.131250  0.061167  0.639079  0.416588
  0.133000  0.060869  0.636367  0.415138
  0.134750  0.060575  0.633669  0.413697
  0.136500  0.060283  0.630984  0.412265
  0.138250  0.059995  0.628313  0.410842
  0.140000  0.059709  0.625654  0.409428
  0.141750  0.059427  0.623009  0.408023
  0.143500  0.059147  0.620377  0.406627
  0.145250  0.058870  0.617758  0.405239
  0.147000  0.058597  0.615152  0.403860
  0.148750  0.058326  0.612559  0.402489
  0.150500  0.058058  0.609979  0.401127
  0.152250  0.057792  0.607411  0.399774
  0.154000  0.057530  0.604856  0.398429
  0.155750  0.057270  0.602314  0.397092
  0.157500  0.057013  0.599784  0.395764
  0.159250  0.056758  0.597267  0.394444
  0.161000  0.056506  0.594762  0.393132
  0.162750  0.056257  0.592270  0.391828
  0.164500  0.056011  0.589789  0.390533
  0.166250  0.055767  0.587321  0.389245
  0.168000  0.055525  0.584865  0.387966
  0.169750  0.055286  0.582421  0.386695
  0.171500  0.055050  0.579989  0.385431
  0.173250  0.054816  0.577569  0.384176
  0.175000  0.054585  0.575161  0.382928
  0.176750  0.054356  0.572765  0.381688
  0.178500  0.054129  0.570380  0.380456
  0.180250  0.053905  0.568007  0.379231
  0.182000  0.053683  0.565645  0.378014
  0.183750  0.053464  0.563295  0.376805
  0.185500  0.053247  0.560957  0.375603
  0.187250  0.053032  0.558630  0.374409
  0.189000  0.052819  0.556314  0.373223
  0.190750  0.052609  0.554010  0.372043
  0.192500  0.052401  0.551716  0.370871
  0.194250  0.052195  0.549434  0.369707
  0.196000  0.051992  0.547163  0.368549
  0.197750  0.051791  0.544903  0.367399
  0.199500  0.051591  0.542654  0.366256
  0.201250  0.051394  0.540416  0.365121
  0.203000  0.051199  0.538188  0.363992
  0.204750  0.051006  0.535972  0.362870
  0.206500  0.050816  0.533766  0.361756
  0.208250  0.050627  0.531571  0.360648
  0.210000  0.050440  0.529386  0.359548
  0.211750  0.050256  0.527212  0.358454
  0.213500  0.050073  0.525049  0.357367
  0.215250  0.049893  0.522895  0.356287
  0.217000  0.049714  0.520753  0.355214
  0.218750  0.049537  0.518620  0.354147
  0.220500  0.049363  0.516498  0.353088
  0.222250  0.049190  0.514386  0.352035
  0.224000  0.049019  0.512284  0.350988
  0.225750  0.048850  0.510193  0.349948
  0.227500  0.048683  0.508111  0.348915
  0.229250  0.048518  0.506039  0.347888
  0.231000  0.048355  0.503978  0.346867
  0.232750  0.048193  0.501926  0.345853
  0.234500  0.048033  0.499884  0.344846
  0.236250  0.047875  0.497851  0.343845
  0.238000  0.047719  0.495829  0.342850
  0.239750  0.047565  0.493816  0.341861
  0.241500  0.047412  0.491813  0.340879
  0.243250  0.047261  0.489819  0.339902
  0.245000  0.047112  0.487835  0.338932
  0.246750  0.046965  0.485860  0.337969
  0.248500  0.046819  0.483895  0.337011
  0.250250  0.046675  0.481939  0.336059
  0.252000  0.046533  0.479992  0.335113
  0.253750  0.046392  0.478055  0.334174
  0.255500  0.046253  0.476127  0.333240
  0.257250  0.046115  0.474208  0.332312
  0.259000  0.045980  0.472298  0.331390
  0.260750  0.045845  0.470397  0.330474
  0.262500  0.045713  0.468505  0.329564
  0.264250  0.045582  0.466622  0.328660
  0.266000  0.045452  0.464748  0.327761
  0.267750  0.045324  0.462883  0.326868
  0.269500  0.045198  0.461027  0.325981
  0.271250  0.045073  0.459180  0.325099
  0.273000  0.044950  0.457341  0.324224
  0.274750  0.044828  0.455511  0.323353
  0.276500  0.044707  0.453690  0.322489
  0.278250  0.044589  0.451877  0.321629
  0.280000  0.044471  0.450072  0.320776
  0.281750  0.044355  0.448277  0.319927
  0.283500  0.044241  0.446489  0.319085
  0.285250  0.044128  0.444711  0.318247
  0.287000  0.044016  0.442940  0.317415
  0.288750  0.043906  0.441178  0.316589
  0.290500  0.043797  0.439424  0.315767
  0.292250  0.043690  0.437678  0.314951
  0.294000  0.043584  0.435941  0.314141
  0.295750  0.043479  0.434211  0.313335
  0.297500  0.043376  0.432490  0.312535
  0.299250  0.043274  0.430777  0.311740
  0.301000  0.043174  0.429072  0.310950
  0.302750  0.043075  0.427375  0.310165
  0.304500  0.042977  0.425685  0.309385
  0.306250  0.042880  0.424004  0.308610
  0.308000  0.042785  0.422331  0.307841
  0.309750  0.042691  0.420665  0.307076
  0.311500  0.042599  0.419007  0.306316
  0.313250  0.042507  0.417357  0.305562
  0.315000  0.042417  0.415715  0.304812
  0.316750  0.042329  0.414080  0.304067
  0.318500  0.042241  0.412453  0.303327
  0.320250  0.042155  0.410833  0.302592
  0.322000  0.042070  0.409221  0.301862
  0.323750  0.041986  0.407616  0.301136
  0.325500  0.041903  0.406019  0.300415
  0.327250  0.041822  0.404430  0.299699
  0.329000  0.041742  0.402847  0.298988
  0.330750  0.041663  0.401272  0.298281
  0.332500  0.041585  0.399705  0.297580
  0.334250  0.041509  0.398144  0.296882
  0.336000  0.041434  0.396591  0.296190
  0.337750  0.041359  0.395045  0.295501
  0.339500  0.041286  0.393506  0.294818
  0.341250  0.041215  0.391975  0.294139
  0.343000  0.041144  0.390450  0.293465
  0.344750  0.041074  0.388932  0.292795
  0.346500  0.041006  0.387422  0.292129
  0.348250  0.040939  0.385918  0.291468
  0.350000  0.040873  0.384421  0.290811
  0.351750  0.040808  0.382932  0.290159
  0.353500  0.040744  0.381449  0.289511
  0.355250  0.040681  0.379973  0.288868
  0.357000  0.040619  0.378503  0.288229
  0.358750  0.040559  0.377041  0.287594
  0.360500  0.040499  0.375585  0.286963
  0.362250  0.040441  0.374136  0.286337
  0.364000  0.040384  0.372694  0.285715
  0.365750  0.040327  0.371258  0.285097
  0.367500  0.040272  0.369829  0.284484
  0.369250  0.040218  0.368406  0.283874
  0.371000  0.040165  0.366990  0.283269
  0.372750  0.040113  0.365580  0.282668
  0.374500  0.040062  0.364177  0.282071
  0.376250  0.040012  0.362780  0.281478
  0.378000  0.039963  0.361390  0.280889
  0.379750  0.039915  0.360006  0.280304
  0.381500  0.039869  0.358628  0.279723
  0.383250  0.039823  0.357257  0.279146
  0.385000  0.039778  0.355892  0.278573
  0.386750  0.039734  0.354533  0.278005
  0.388500  0.039691  0.353180  0.277440
  0.390250  0.039650  0.351834  0.276879
  0.392000  0.039609  0.350493  0.276322
  0.393750  0.039569  0.349159  0.275768
  0.395500  0.039530  0.347831  0.275219
  0.397250  0.039493  0.346509  0.274673
  0.399000  0.039456  0.345193  0.274132
  0.400750  0.039420  0.343882  0.273594
  0.402500  0.039385  0.342578  0.273060
  0.404250  0.039351  0.341280  0.272529
  0.406000  0.039318  0.339988  0.272003
  0.407750  0.039286  0.338701  0.271480
  0.409500  0.039255  0.337420  0.270961
  0.411250  0.039225  0.336146  0.270445
  0.413000  0.039196  0.334877  0.269934
  0.414750  0.039168  0.333613  0.269426
  0.416500  0.039141  0.332356  0.268921
  0.418250  0.039114  0.331104  0.268420
  0.420000  0.039089  0.329857  0.267923
  0.421750  0.039065  0.328617  0.267429
  0.423500  0.039041  0.327382  0.266939
  0.425250  0.039019  0.326152  0.266453
  0.427000  0.038997  0.324929  0.265970
  0.428750  0.038976  0.323710  0.265490
  0.430500  0.038957  0.322497  0.265014
  0.432250  0.038938  0.321290  0.264541
  0.434000  0.038920  0.320088  0.264072
  0.435750  0.038903  0.318892  0.263607
  0.437500  0.038886  0.317700  0.263144
  0.439250  0.038871  0.316515  0.262686
  0.441000  0.038857  0.315334  0.262230
  0.442750  0.038843  0.314159  0.261778
  0.444500  0.038831  0.312989  0.261329
  0.446250  0.038819  0.311825  0.260884
  0.448000  0.038808  0.310665  0.260442
  0.449750  0.038798  0.309511  0.260003
  0.451500  0.038789  0.308362  0.259568
  0.453250  0.038781  0.307219  0.259136
  0.455000  0.038774  0.306080  0.258707
  0.456750  0.038768  0.304946  0.258281
  0.458500  0.038762  0.303818  0.257859
  0.460250  0.038757  0.302694  0.257439
  0.462000  0.038754  0.301576  0.257023
  0.463750  0.038751  0.300463  0.256611
  0.465500  0.038749  0.299354  0.256201
  0.467250  0.038748  0.298251  0.255794
  0.469000  0.038747  0.297152  0.255391
  0.470750  0.038748  0.296059  0.254991
  0.472500  0.038749  0.294970  0.254594
  0.474250  0.038752  0.293886  0.254200
  0.476000  0.038755  0.292807  0.253809
  0.477750  0.038759  0.291733  0.253421
  0.479500  0.038764  0.290663  0.253036
  0.481250  0.038770  0.289599  0.252654
  0.483000  0.038776  0.288539  0.252275
  0.484750  0.038784  0.287484  0.251900
  0.486500  0.038792  0.286433  0.251527
  0.488250  0.038801  0.285387  0.251157
  0.490000  0.038811  0.284346  0.250790
  0.491750  0.038822  0.283310  0.250426
  0.493500  0.038833  0.282278  0.250066
  0.495250  0.038846  0.281250  0.249707
  0.497000  0.038859  0.280227  0.249352
  0.498750  0.038874  0.279209  0.249000
  0.500500  0.038889  0.278195  0.248651
  0.502250  0.038904  0.277186  0.248304
  0.504000  0.038921  0.276181  0.247961
  0.505750  0.038939  0.275181  0.247620
  0.507500  0.038957  0.274185  0.247282
  0.509250  0.038976  0.273194  0.246947
  0.511000  0.038996  0.272207  0.246615
  0.512750  0.039017  0.271224  0.246285
  0.514500  0.039039  0.270246  0.245959
  0.516250  0.039062  0.269272  0.245635
  0.518000  0.039085  0.268302  0.245313
  0.519750  0.039109  0.267336  0.244995
  0.521500  0.039135  0.266375  0.244679
  0.523250  0.039160  0.265418  0.244366
  0.525000  0.039187  0.264466  0.244056
  0.526750  0.039215  0.263517  0.243748
  0.528500  0.039243  0.262573  0.243443
  0.530250  0.039273  0.261632  0.243141
  0.532000  0.039303  0.260696  0.242841
  0.533750  0.039334  0.259765  0.242544
  0.535500  0.039365  0.258837  0.242250
  0.537250  0.039398  0.257913  0.241958
  0.539000  0.039431  0.256993  0.241669
  0.540750  0.039466  0.256078  0.241383
  0.542500  0.039501  0.255166  0.241099
  0.544250  0.039537  0.254259  0.240818
  0.546000  0.039574  0.253355  0.240539
  0.547750  0.039611  0.252455  0.240263
  0.549500  0.039650  0.251560  0.239989
  0.551250  0.039689  0.250668  0.239718
  0.553000  0.039729  0.249780  0.239449
  0.554750  0.039770  0.248896  0.239183
  0.556500  0.039812  0.248016  0.238919
  0.558250  0.039854  0.247140  0.238658
  0.560000  0.039898  0.246267  0.238399
  0.561750  0.039942  0.245399  0.238143
  0.563500  0.039987  0.244534  0.237890
  0.565250  0.040033  0.243673  0.237638
  0.567000  0.040080  0.242816  0.237389
  0.568750  0.040128  0.241963  0.237143
  0.570500  0.040176  0.241113  0.236899
  0.572250  0.040226  0.240267  0.236657
  0.574000  0.040276  0.239424  0.236418
  0.575750  0.040327  0.238586  0.236181
  0.577500  0.040379  0.237751  0.235947
  0.579250  0.040432  0.236920  0.235714
  0.581000  0.040485  0.236092  0.235485
  0.582750  0.040540  0.235268  0.235257
  0.584500  0.040595  0.234447  0.235032
  0.586250  0.040651  0.233630  0.234809
  0.588000  0.040708  0.232817  0.234589
  0.589750  0.040766  0.232007  0.234371
  0.591500  0.040825  0.231201  0.234155
  0.593250  0.040884  0.230398  0.233941
  0.595000  0.040945  0.229599  0.233730
  0.596750  0.041006  0.228803  0.233521
  0.598500  0.041068  0.228011  0.233314
  0.600250  0.041131  0.227222  0.233109
  0.602000  0.041195  0.226436  0.232907
  0.603750  0.041260  0.225654  0.232707
  0.605500  0.041326  0.224876  0.232509
  0.607250  0.041392  0.224100  0.232314
  0.609000  0.041460  0.223328  0.232120
  0.610750  0.041528  0.222560  0.231929
  0.612500  0.041597  0.221795  0.231740
  0.614250  0.041667  0.221033  0.231553
  0.616000  0.041738  0.220274  0.231368
  0.617750  0.041810  0.219519  0.231185
  0.619500  0.041882  0.218767  0.231005
  0.621250  0.041956  0.218018  0.230827
  0.623000  0.042030  0.217272  0.230650
  0.624750  0.042105  0.216530  0.230476
  0.626500  0.042182  0.215791  0.230304
  0.628250  0.042259  0.215055  0.230135
  0.630000  0.042337  0.214322  0.229967
  0.631750  0.042416  0.213593  0.229801
  0.633500  0.042495  0.212866  0.229638
  0.635250  0.042576  0.212143  0.229476
  0.637000  0.042658  0.211423  0.229317
  0.638750  0.042740  0.210706  0.229159
  0.640500  0.042823  0.209992  0.229004
  0.642250  0.042908  0.209281  0.228851
  0.644000  0.042993  0.208573  0.228699
  0.645750  0.043079  0.207868  0.228550
  0.647500  0.043166  0.207167  0.228403
  0.649250  0.043254  0.206468  0.228258
  0.651000  0.043343  0.205772  0.228114
  0.652750  0.043433  0.205080  0.227973
  0.654500  0.043524  0.204390  0.227834
  0.656250  0.043615  0.203703  0.227697
  0.658000  0.043708  0.203020  0.227561
  0.659750  0.043801  0.202339  0.227428
  0.661500  0.043896  0.201661  0.227297
  0.663250  0.043991  0.200986  0.227167
  0.665000  0.044088  0.200314  0.227040
  0.666750  0.044185  0.199645  0.226914
  0.668500  0.044283  0.198978  0.226790
  0.670250  0.044383  0.198315  0.226669
  0.672000  0.044483  0.197654  0.226549
  0.673750  0.044584  0.196997  0.226431
  0.675500  0.044686  0.196342  0.226315
  0.677250  0.044789  0.195690  0.226201
  0.679000  0.044893  0.195040  0.226089
  0.680750  0.044998  0.194394  0.225978
  0.682500  0.045104  0.193750  0.225870
  0.684250  0.045211  0.193109  0.225763
  0.686000  0.045319  0.192471  0.225658
  0.687750  0.045428  0.191835  0.225556
  0.689500  0.045538  0.191203  0.225454
  0.691250  0.045649  0.190572  0.225355
  0.693000  0.045761  0.189945  0.225258
  0.694750  0.045874  0.189320  0.225162
  0.696500  0.045988  0.188698  0.225068
  0.698250  0.046103  0.188079  0.224976
  0.700000  0.046219  0.187462  0.224886
  0.701750  0.046336  0.186848  0.224798
  0.703500  0.046454  0.186237  0.224711
  0.705250  0.046573  0.185628  0.224627
  0.707000  0.046693  0.185022  0.224544
  0.708750  0.046814  0.184418  0.224462
  0.710500  0.046936  0.183817  0.224383
  0.712250  0.047059  0.183219  0.224305
  0.714000  0.047183  0.182623  0.224229
  0.715750  0.047309  0.182030  0.224155
  0.717500  0.047435  0.181439  0.224083
  0.719250  0.047562  0.180851  0.224012
  0.721000  0.047691  0.180265  0.223943
  0.722750  0.047820  0.179682  0.223876
  0.724500  0.047951  0.179101  0.223810
  0.726250  0.048082  0.178522  0.223746
  0.728000  0.048215  0.177947  0.223684
  0.729750  0.048349  0.177373  0.223624
  0.731500  0.048484  0.176802  0.223565
  0.733250  0.048620  0.176234  0.223508
  0.735000  0.048757  0.175668  0.223453
  0.736750  0.048895  0.175104  0.223399
  0.738500  0.049034  0.174543  0.223347
  0.740250  0.049174  0.173984  0.223297
  0.742000  0.049316  0.173427  0.223248
  0.743750  0.049458  0.172873  0.223201
  0.745500  0.049602  0.172322  0.223155
  0.747250  0.049747  0.171772  0.223112
  0.749000  0.049893  0.171225  0.223070
  0.750750  0.050040  0.170680  0.223029
  0.752500  0.050188  0.170138  0.222990
  0.754250  0.050337  0.169598  0.222953
  0.756000  0.050488  0.169060  0.222918
  0.757750  0.050640  0.168525  0.222884
  0.759500  0.050792  0.167991  0.222851
  0.761250  0.050946  0.167460  0.222821
  0.763000  0.051102  0.166932  0.222792
  0.764750  0.051258  0.166405  0.222764
  0.766500  0.051415  0.165881  0.222738
  0.768250  0.051574  0.165359  0.222714
  0.770000  0.051734  0.164839  0.222691
  0.771750  0.051895  0.164322  0.222670
  0.773500  0.052057  0.163806  0.222650
  0.775250  0.052221  0.163293  0.222632
  0.777000  0.052386  0.162782  0.222616
  0.778750  0.052552  0.162274  0.222601
  0.780500  0.052719  0.161767  0.222587
  0.782250  0.052887  0.161262  0.222575
  0.784000  0.053057  0.160760  0.222565
  0.785750  0.053228  0.160260  0.222556
  0.787500  0.053400  0.159762  0.222549
  0.789250  0.053573  0.159266  0.222543
  0.791000  0.053748  0.158772  0.222539
  0.792750  0.053924  0.158280  0.222537
  0.794500  0.054101  0.157791  0.222536
  0.796250  0.054279  0.157303  0.222536
  0.798000  0.054459  0.156817  0.222538
  0.799750  0.054640  0.156334  0.222541
  0.801500  0.054822  0.155853  0.222546
  0.803250  0.055006  0.155373  0.222553
  0.805000  0.055191  0.154896  0.222560
  0.806750  0.055377  0.154421  0.222570
  0.808500  0.055565  0.153947  0.222581
  0.810250  0.055754  0.153476  0.222593
  0.812000  0.055944  0.153007  0.222607
  0.813750  0.056135  0.152539  0.222622
  0.815500  0.056328  0.152074  0.222639
  0.817250  0.056523  0.151611  0.222657
  0.819000  0.056718  0.151150  0.222677
  0.820750  0.056915  0.150690  0.222698
  0.822500  0.057114  0.150233  0.222721
  0.824250  0.057313  0.149777  0.222745
  0.826000  0.057514  0.149324  0.222770
  0.827750  0.057717  0.148872  0.222797
  0.829500  0.057921  0.148422  0.222825
  0.831250  0.058126  0.147974  0.222855
  0.833000  0.058333  0.147529  0.222886
  0.834750  0.058541  0.147085  0.222919
  0.836500  0.058751  0.146642  0.222953
  0.838250  0.058962  0.146202  0.222989
  0.840000  0.059174  0.145764  0.223026
  0.841750  0.059388  0.145327  0.223064
  0.843500  0.059603  0.144893  0.223104
  0.845250  0.059820  0.144460  0.223145
  0.847000  0.060039  0.144029  0.223187
  0.848750  0.060258  0.143600  0.223231
  0.850500  0.060480  0.143172  0.223277
  0.852250  0.060702  0.142747  0.223323
  0.854000  0.060927  0.142323  0.223371
  0.855750  0.061153  0.141901  0.223421
  0.857500  0.061380  0.141481  0.223472
  0.859250  0.061609  0.141063  0.223524
  0.861000  0.061839  0.140646  0.223578
  0.862750  0.062071  0.140232  0.223633
  0.864500  0.062304  0.139819  0.223689
  0.866250  0.062539  0.139407  0.223747
  0.868000  0.062776  0.138998  0.223806
  0.869750  0.063014  0.138590  0.223867
  0.871500  0.063254  0.138184  0.223928
  0.873250  0.063495  0.137780  0.223992
  0.875000  0.063738  0.137377  0.224056
  0.876750  0.063983  0.136976  0.224122
  0.878500  0.064229  0.136577  0.224189
  0.880250  0.064477  0.136180  0.224258
  0.882000  0.064726  0.135784  0.224328
  0.883750  0.064977  0.135390  0.224399
  0.885500  0.065230  0.134998  0.224472
  0.887250  0.065484  0.134607  0.224546
  0.889000  0.065741  0.134218  0.224621
  0.890750  0.065998  0.133830  0.224697
  0.892500  0.066258  0.133445  0.224775
  0.894250  0.066519  0.133060  0.224855
  0.896000  0.066782  0.132678  0.224935
  0.897750  0.067046  0.132297  0.225017
  0.899500  0.067312  0.131918  0.225100
  0.901250  0.067580  0.131540  0.225185
  0.903000  0.067850  0.131164  0.225271
  0.904750  0.068122  0.130790  0.225358
  0.906500  0.068395  0.130417  0.225446
  0.908250  0.068670  0.130046  0.225536
  0.910000  0.068947  0.129677  0.225627
  0.911750  0.069225  0.129309  0.225719
  0.913500  0.069506  0.128942  0.225813
  0.915250  0.069788  0.128577  0.225908
  0.917000  0.070072  0.128214  0.226004
  0.918750  0.070358  0.127852  0.226101
  0.920500  0.070646  0.127492  0.226200
  0.922250  0.070935  0.127133  0.226300
  0.924000  0.071227  0.126776  0.226402
  0.925750  0.071520  0.126421  0.226504
  0.927500  0.071815  0.126067  0.226608
  0.929250  0.072112  0.125714  0.226713
  0.931000  0.072411  0.125363  0.226820
  0.932750  0.072712  0.125014  0.226928
  0.934500  0.073015  0.124666  0.227037
  0.936250  0.073319  0.124319  0.227147
  0.938000  0.073626  0.123974  0.227258
  0.939750  0.073935  0.123631  0.227371
  0.941500  0.074245  0.123289  0.227485
  0.943250  0.074558  0.122948  0.227601
  0.945000  0.074872  0.122609  0.227717
  0.946750  0.075189  0.122271  0.227835
  0.948500  0.075508  0.121935  0.227954
  0.950250  0.075828  0.121600  0.228074
  0.952000  0.076151  0.121267  0.228196
  0.953750  0.076475  0.120935  0.228319
  0.955500  0.076802  0.120605  0.228443
  0.957250  0.077131  0.120276  0.228568
  0.959000  0.077462  0.119948  0.228695
  0.960750  0.077795  0.119622  0.228823
  0.962500  0.078130  0.119297  0.228952
  0.964250  0.078467  0.118974  0.229082
  0.966000  0.078806  0.118652  0.229214
  0.967750  0.079148  0.118331  0.229347
  0.969500  0.079491  0.118012  0.229481
  0.971250  0.079837  0.117695  0.229616
  0.973000  0.080185  0.117378  0.229752
  0.974750  0.080535  0.117063  0.229890
  0.976500  0.080888  0.116750  0.230029
  0.978250  0.081242  0.116437  0.230169
  0.980000  0.081599  0.116127  0.230311
  0.981750  0.081958  0.115817  0.230453
  0.983500  0.082319  0.115509  0.230597
  0.985250  0.082683  0.115202  0.230742
  0.987000  0.083048  0.114897  0.230889
  0.988750  0.083416  0.114592  0.231036
  0.990500  0.083787  0.114290  0.231185
  0.992250  0.084160  0.113988  0.231335
  0.994000  0.084535  0.113688  0.231486
  0.995750  0.084912  0.113389  0.231638
  0.997500  0.085292  0.113092  0.231792
  0.999250  0.085674  0.112795  0.231947
  1.001000  0.086058  0.112500  0.232103
  1.002750  0.086445  0.112207  0.232260
  1.004500  0.086834  0.111914  0.232419
  1.006250  0.087226  0.111623  0.232578
  1.008000  0.087620  0.111334  0.232739
  1.009750  0.088017  0.111045  0.232901
  1.011500  0.088416  0.110758  0.233065
  1.013250  0.088818  0.110472  0.233229
  1.015000  0.089222  0.110188  0.233395
  1.016750  0.089628  0.109904  0.233562
  1.018500  0.090037  0.109622  0.233730
  1.020250  0.090449  0.109341  0.233899
  1.022000  0.090863  0.109062  0.234070
  1.023750  0.091280  0.108783  0.234242
  1.025500  0.091699  0.108506  0.234415
  1.027250  0.092121  0.108230  0.234589
  1.029000  0.092546  0.107956  0.234764
  1.030750  0.092973  0.107682  0.234941
  1.032500  0.093403  0.107410  0.235118
  1.034250  0.093835  0.107139  0.235297
  1.036000  0.094270  0.106869  0.235478
  1.037750  0.094708  0.106601  0.235659
  1.039500  0.095149  0.106334  0.235842
  1.041250  0.095592  0.106067  0.236025
  1.043000  0.096038  0.105803  0.236210
  1.044750  0.096487  0.105539  0.236396
  1.046500  0.096938  0.105276  0.236584
  1.048250  0.097393  0.105015  0.236772
  1.050000  0.097850  0.104755  0.236962
  1.051750  0.098310  0.104496  0.237153
  1.053500  0.098773  0.104238  0.237345
  1.055250  0.099238  0.103982  0.237538
  1.057000  0.099707  0.103726  0.237733
  1.058750  0.100178  0.103472  0.237929
  1.060500  0.100653  0.103219  0.238126
  1.062250  0.101130  0.102967  0.238324
  1.064000  0.101610  0.102716  0.238523
  1.065750  0.102093  0.102467  0.238724
  1.067500  0.102579  0.102218  0.238925
  1.069250  0.103069  0.101971  0.239128
  1.071000  0.103561  0.101725  0.239332
  1.072750  0.104056  0.101480  0.239537
  1.074500  0.104554  0.101236  0.239744
  1.076250  0.105055  0.100994  0.239952
  1.078000  0.105560  0.100752  0.240160
  1.079750  0.106067  0.100512  0.240371
  1.081500  0.106578  0.100272  0.240582
  1.083250  0.107091  0.100034  0.240794
  1.085000  0.107608  0.099797  0.241008
  1.086750  0.108128  0.099561  0.241223
  1.088500  0.108652  0.099326  0.241439
  1.090250  0.109178  0.099093  0.241656
  1.092000  0.109708  0.098860  0.241874
  1.093750  0.110241  0.098628  0.242094
  1.095500  0.110777  0.098398  0.242315
  1.097250  0.111317  0.098169  0.242537
  1.099000  0.111859  0.097940  0.242760
  1.100750  0.112405  0.097713  0.242985
  1.102500  0.112955  0.097487  0.243210
  1.104250  0.113508  0.097262  0.243437
  1.106000  0.114064  0.097039  0.243665
  1.107750  0.114624  0.096816  0.243894
  1.109500  0.115187  0.096594  0.244125
  1.111250  0.115754  0.096374  0.244356
  1.113000  0.116324  0.096154  0.244589
  1.114750  0.116897  0.095936  0.244823
  1.116500  0.117474  0.095718  0.245058
  1.118250  0.118055  0.095502  0.245295
  1.120000  0.118639  0.095287  0.245532
  1.121750  0.119227  0.095072  0.245771
  1.123500  0.119818  0.094859  0.246011
  1.125250  0.120413  0.094647  0.246253
  1.127000  0.121012  0.094436  0.246495
  1.128750  0.121614  0.094226  0.246739
  1.130500  0.122220  0.094017  0.246984
  1.132250  0.122829  0.093809  0.247230
  1.134000  0.123443  0.093603  0.247477
  1.135750  0.124060  0.093397  0.247726
  1.137500  0.124681  0.093192  0.247975
  1.139250  0.125306  0.092988  0.248226
  1.141000  0.125934  0.092786  0.248478
  1.142750  0.126567  0.092584  0.248732
  1.144500  0.127203  0.092384  0.248986
  1.146250  0.127843  0.092184  0.249242
  1.148000  0.128487  0.091986  0.249499
  1.149750  0.129135  0.091788  0.249758
  1.151500  0.129787  0.091592  0.250017
  1.153250  0.130443  0.091396  0.250278
  1.155000  0.131103  0.091202  0.250540
  1.156750  0.131768  0.091008  0.250803
  1.158500  0.132436  0.090816  0.251067
  1.160250  0.133108  0.090625  0.251333
  1.162000  0.133784  0.090434  0.251600
  1.163750  0.134465  0.090245  0.251868
  1.165500  0.135149  0.090057  0.252137
  1.167250  0.135838  0.089869  0.252408
  1.169000  0.136531  0.089683  0.252680
  1.170750  0.137229  0.089498  0.252953
  1.172500  0.137930  0.089314  0.253227
  1.174250  0.138636  0.089130  0.253503
  1.176000  0.139346  0.088948  0.253779
  1.177750  0.140061  0.088767  0.254057
  1.179500  0.140780  0.088587  0.254337
  1.181250  0.141503  0.088407  0.254617
  1.183000  0.142231  0.088229  0.254899
  1.184750  0.142963  0.088052  0.255182
  1.186500  0.143700  0.087876  0.255466
  1.188250  0.144441  0.087700  0.255752
  1.190000  0.145186  0.087526  0.256039
  1.191750  0.145937  0.087353  0.256327
  1.193500  0.146692  0.087180  0.256616
  1.195250  0.147451  0.087009  0.256907
  1.197000  0.148215  0.086839  0.257198
  1.198750  0.148984  0.086670  0.257492
  1.200500  0.149758  0.086501  0.257786
  1.202250  0.150536  0.086334  0.258082
  1.204000  0.151319  0.086168  0.258378
  1.205750  0.152107  0.086002  0.258677
  1.207500  0.152899  0.085838  0.258976
  1.209250  0.153697  0.085674  0.259277
  1.211000  0.154499  0.085512  0.259579
  1.212750  0.155307  0.085351  0.259882
  1.214500  0.156119  0.085190  0.260187
  1.216250  0.156936  0.085031  0.260493
  1.218000  0.157758  0.084872  0.260800
  1.219750  0.158586  0.084715  0.261109
  1.221500  0.159418  0.084558  0.261418
  1.223250  0.160256  0.084403  0.261729
  1.225000  0.161098  0.084248  0.262042
  1.226750  0.161946  0.084095  0.262356
  1.228500  0.162799  0.083942  0.262671
  1.230250  0.163657  0.083791  0.262987
  1.232000  0.164520  0.083640  0.263305
  1.233750  0.165389  0.083490  0.263624
  1.235500  0.166263  0.083342  0.263944
  1.237250  0.167143  0.083194  0.264265
  1.239000  0.168027  0.083047  0.264588
  1.240750  0.168918  0.082902  0.264913
  1.242500  0.169813  0.082757  0.265238
  1.244250  0.170714  0.082613  0.265565
  1.246000  0.171621  0.082470  0.265893
  1.247750  0.172533  0.082329  0.266223
  1.249500  0.173451  0.082188  0.266554
  1.251250  0.174375  0.082048  0.266886
  1.253000  0.175304  0.081909  0.267220
  1.254750  0.176239  0.081771  0.267555
  1.256500  0.177179  0.081635  0.267891
  1.258250  0.178126  0.081499  0.268229
  1.260000  0.179078  0.081364  0.268568
  1.261750  0.180036  0.081230  0.268908
  1.263500  0.181000  0.081097  0.269250
  1.265250  0.181970  0.080965  0.269593
  1.267000  0.182946  0.080834  0.269938
  1.268750  0.183927  0.080704  0.270284
  1.270500  0.184915  0.080575  0.270631
  1.272250  0.185909  0.080447  0.270979
  1.274000  0.186909  0.080320  0.271329
  1.275750  0.187915  0.080194  0.271681
  1.277500  0.188928  0.080069  0.272034
  1.279250  0.189946  0.079945  0.272388
  1.281000  0.190971  0.079822  0.272744
  1.282750  0.192002  0.079700  0.273101
  1.284500  0.193040  0.079580  0.273459
  1.286250  0.194083  0.079460  0.273819
  1.288000  0.195134  0.079341  0.274180
  1.289750  0.196190  0.079223  0.274543
  1.291500  0.197254  0.079106  0.274907
  1.293250  0.198323  0.078990  0.275273
  1.295000  0.199400  0.078875  0.275640
  1.296750  0.200483  0.078761  0.276008
  1.298500  0.201572  0.078648  0.276378
  1.300250  0.202669  0.078536  0.276749
  1.302000  0.203772  0.078425  0.277122
  1.303750  0.204882  0.078315  0.277496
  1.305500  0.205998  0.078207  0.277872
  1.307250  0.207122  0.078099  0.278249
  1.309000  0.208253  0.077992  0.278628
  1.310750  0.209390  0.077886  0.279008
  1.312500  0.210535  0.077782  0.279389
  1.314250  0.211686  0.077678  0.279772
  1.316000  0.212845  0.077575  0.280157
  1.317750  0.214011  0.077474  0.280543
  1.319500  0.215184  0.077373  0.280931
  1.321250  0.216364  0.077274  0.281320
  1.323000  0.217551  0.077175  0.281710
  1.324750  0.218746  0.077078  0.282102
  1.326500  0.219948  0.076982  0.282496
  1.328250  0.221158  0.076886  0.282891
  1.330000  0.222375  0.076792  0.283287
  1.331750  0.223600  0.076699  0.283685
  1.333500  0.224832  0.076607  0.284085
  1.335250  0.226072  0.076516  0.284486
  1.337000  0.227319  0.076426  0.284889
  1.338750  0.228574  0.076337  0.285293
  1.340500  0.229837  0.076249  0.285699
  1.342250  0.231108  0.076163  0.286106
  1.344000  0.232386  0.076077  0.286515
  1.345750  0.233673  0.075992  0.286926
  1.347500  0.234967  0.075909  0.287338
  1.349250  0.236270  0.075827  0.287752
  1.351000  0.237580  0.075746  0.288167
  1.352750  0.238899  0.075665  0.288584
  1.354500  0.240225  0.075586  0.289002
  1.356250  0.241560  0.075509  0.289422
  1.358000  0.242903  0.075432  0.289844
  1.359750  0.244255  0.075356  0.290267
  1.361500  0.245615  0.075282  0.290692
  1.363250  0.246983  0.075208  0.291118
  1.365000  0.248360  0.075136  0.291547
  1.366750  0.249745  0.075065  0.291976
  1.368500  0.251139  0.074995  0.292408
  1.370250  0.252542  0.074926  0.292841
  1.372000  0.253953  0.074859  0.293276
  1.373750  0.255373  0.074792  0.293712
  1.375500  0.256802  0.074727  0.294150
  1.377250  0.258239  0.074663  0.294590
  1.379000  0.259686  0.074600  0.295031
  1.380750  0.261141  0.074538  0.295474
  1.382500  0.262606  0.074478  0.295919
  1.384250  0.264080  0.074419  0.296366
  1.386000  0.265562  0.074360  0.296814
  1.387750  0.267054  0.074304  0.297264
  1.389500  0.268556  0.074248  0.297715
  1.391250  0.270066  0.074193  0.298169
  1.393000  0.271586  0.074140  0.298624
  1.394750  0.273116  0.074088  0.299081
  1.396500  0.274655  0.074037  0.299539
  1.398250  0.276203  0.073988  0.299999
  1.400000  0.277761  0.073940  0.300462
  1.401750  0.279329  0.073893  0.300925
  1.403500  0.280907  0.073847  0.301391
  1.405250  0.282494  0.073802  0.301858
  1.407000  0.284091  0.073759  0.302328
  1.408750  0.285699  0.073717  0.302799
  1.410500  0.287316  0.073677  0.303271
  1.412250  0.288943  0.073638  0.303746
  1.414000  0.290580  0.073600  0.304223
  1.415750  0.292228  0.073563  0.304701
  1.417500  0.293886  0.073528  0.305181
  1.419250  0.295554  0.073494  0.305663
  1.421000  0.297233  0.073461  0.306147
  1.422750  0.298922  0.073430  0.306632
  1.424500  0.300621  0.073400  0.307120
  1.426250  0.302332  0.073372  0.307609
  1.428000  0.304053  0.073344  0.308101
  1.429750  0.305784  0.073319  0.308594
  1.431500  0.307527  0.073294  0.309089
  1.433250  0.309280  0.073271  0.309586
  1.435000  0.311044  0.073250  0.310085
  1.436750  0.312819  0.073230  0.310585
  1.438500  0.314606  0.073211  0.311088
  1.440250  0.316403  0.073194  0.311593
  1.442000  0.318212  0.073178  0.312100
  1.443750  0.320032  0.073164  0.312608
  1.445500  0.321863  0.073151  0.313119
  1.447250  0.323706  0.073140  0.313631
  1.449000  0.325561  0.073130  0.314146
  1.450750  0.327427  0.073122  0.314662
  1.452500  0.329304  0.073115  0.315181
  1.454250  0.331194  0.073110  0.315701
  1.456000  0.333095  0.073106  0.316224
  1.457750  0.335008  0.073104  0.316749
  1.459500  0.336933  0.073103  0.317275
  1.461250  0.338871  0.073104  0.317804
  1.463000  0.340820  0.073107  0.318335
  1.464750  0.342782  0.073111  0.318868
  1.466500  0.344755  0.073117  0.319402
  1.468250  0.346742  0.073124  0.319939
  1.470000  0.348740  0.073133  0.320479
  1.471750  0.350752  0.073144  0.321020
  1.473500  0.352775  0.073156  0.321563
  1.475250  0.354812  0.073170  0.322109
  1.477000  0.356861  0.073186  0.322656
  1.478750  0.358924  0.073203  0.323206
  1.480500  0.360999  0.073222  0.323758
  1.482250  0.363087  0.073243  0.324312
  1.484000  0.365188  0.073266  0.324868
  1.485750  0.367303  0.073290  0.325427
  1.487500  0.369431  0.073316  0.325987
  1.489250  0.371572  0.073344  0.326550
  1.491000  0.373726  0.073374  0.327115
  1.492750  0.375895  0.073406  0.327683
  1.494500  0.378076  0.073439  0.328252
  1.496250  0.380272  0.073474  0.328824
  1.498000  0.382481  0.073511  0.329398
  1.499750  0.384705  0.073550  0.329975
  1.501500  0.386942  0.073591  0.330553
  1.503250  0.389193  0.073634  0.331134
  1.505000  0.391459  0.073679  0.331718
  1.506750  0.393739  0.073725  0.332303
  1.508500  0.396033  0.073774  0.332891
  1.510250  0.398342  0.073825  0.333482
  1.512000  0.400665  0.073877  0.334074
  1.513750  0.403003  0.073932  0.334669
  1.515500  0.405356  0.073988  0.335267
  1.517250  0.407723  0.074047  0.335867
  1.519000  0.410106  0.074108  0.336469
  1.520750  0.412503  0.074171  0.337074
  1.522500  0.414916  0.074236  0.337681
  1.524250  0.417344  0.074303  0.338290
  1.526000  0.419787  0.074372  0.338903
  1.527750  0.422246  0.074444  0.339517
  1.529500  0.424720  0.074517  0.340134
  1.531250  0.427210  0.074593  0.340754
  1.533000  0.429715  0.074671  0.341376
  1.534750  0.432237  0.074751  0.342000
  1.536500  0.434774  0.074834  0.342628
  1.538250  0.437328  0.074919  0.343257
  1.540000  0.439898  0.075006  0.343890
  1.541750  0.442484  0.075096  0.344524
  1.543500  0.445086  0.075188  0.345162
  1.545250  0.447705  0.075282  0.345802
  1.547000  0.450340  0.075379  0.346445
  1.548750  0.452992  0.075478  0.347090
  1.550500  0.455661  0.075579  0.347738
  1.552250  0.458347  0.075683  0.348389
  1.554000  0.461050  0.075790  0.349042
  1.555750  0.463770  0.075899  0.349699
  1.557500  0.466508  0.076011  0.350357
  1.559250  0.469262  0.076125  0.351019
  1.561000  0.472034  0.076242  0.351683
  1.562750  0.474824  0.076361  0.352350
  1.564500  0.477632  0.076483  0.353020
  1.566250  0.480457  0.076608  0.353693
  1.568000  0.483301  0.076736  0.354368
  1.569750  0.486162  0.076866  0.355047
  1.571500  0.489042  0.076999  0.355728
  1.573250  0.491940  0.077135  0.356412
  1.575000  0.494856  0.077273  0.357099
  1.576750  0.497791  0.077415  0.357789
  1.578500  0.500745  0.077559  0.358482
  1.580250  0.503717  0.077706  0.359177
  1.582000  0.506709  0.077857  0.359876
  1.583750  0.509719  0.078010  0.360577
  1.585500  0.512749  0.078166  0.361282
  1.587250  0.515798  0.078325  0.361990
  1.589000  0.518867  0.078488  0.362700
  1.590750  0.521955  0.078653  0.363414
  1.592500  0.525062  0.078822  0.364130
  1.594250  0.528190  0.078993  0.364850
  1.596000  0.531338  0.079168  0.365573
  1.597750  0.534505  0.079347  0.366299
  1.599500  0.537693  0.079528  0.367028
  1.601250  0.540901  0.079713  0.367760
  1.603000  0.544130  0.079901  0.368496
  1.604750  0.547380  0.080092  0.369234
  1.606500  0.550650  0.080287  0.369976
  1.608250  0.553941  0.080486  0.370721
  1.610000  0.557253  0.080687  0.371469
  1.611750  0.560587  0.080893  0.372221
  1.613500  0.563941  0.081102  0.372976
  1.615250  0.567318  0.081314  0.373734
  1.617000  0.570715  0.081530  0.374495
  1.618750  0.574135  0.081750  0.375260
  1.620500  0.577577  0.081974  0.376028
  1.622250  0.581040  0.082201  0.376799
  1.624000  0.584526  0.082432  0.377574
  1.625750  0.588034  0.082667  0.378353
  1.627500  0.591565  0.082906  0.379135
  1.629250  0.595118  0.083149  0.379920
  1.631000  0.598694  0.083396  0.380709
  1.632750  0.602293  0.083647  0.381501
  1.634500  0.605916  0.083902  0.382297
  1.636250  0.609561  0.084161  0.383096
  1.638000  0.613230  0.084424  0.383899
  1.639750  0.616923  0.084691  0.384706
  1.641500  0.620639  0.084963  0.385516
  1.643250  0.624379  0.085239  0.386330
  1.645000  0.628143  0.085519  0.387147
  1.646750  0.631932  0.085804  0.387968
  1.648500  0.635745  0.086093  0.388793
  1.650250  0.639582  0.086387  0.389622
  1.652000  0.643444  0.086685  0.390454
  1.653750  0.647331  0.086988  0.391291
  1.655500  0.651243  0.087295  0.392131
  1.657250  0.655181  0.087608  0.392975
  1.659000  0.659143  0.087925  0.393822
  1.660750  0.663131  0.088247  0.394674
  1.662500  0.667145  0.088573  0.395530
  1.664250  0.671185  0.088905  0.396389
  1.666000  0.675251  0.089242  0.397253
  1.667750  0.679344  0.089584  0.398120
  1.669500  0.683462  0.089930  0.398992
  1.671250  0.687608  0.090282  0.399867
  1.673000  0.691780  0.090640  0.400747
  1.674750  0.695979  0.091002  0.401631
  1.676500  0.700205  0.091370  0.402519
  1.678250  0.704458  0.091744  0.403411
  1.680000  0.708739  0.092122  0.404307
  1.681750  0.713048  0.092507  0.405208
  1.683500  0.717385  0.092897  0.406112
  1.685250  0.721750  0.093293  0.407021
  1.687000  0.726143  0.093694  0.407935
  1.688750  0.730564  0.094101  0.408852
  1.690500  0.735015  0.094515  0.409774
  1.692250  0.739494  0.094934  0.410701
  1.694000  0.744002  0.095359  0.411632
  1.695750  0.748539  0.095790  0.412567
  1.697500  0.753106  0.096228  0.413507
  1.699250  0.757702  0.096671  0.414451
  1.701000  0.762329  0.097121  0.415400
  1.702750  0.766985  0.097578  0.416353
  1.704500  0.771672  0.098041  0.417311
  1.706250  0.776389  0.098510  0.418274
  1.708000  0.781136  0.098986  0.419241
  1.709750  0.785915  0.099469  0.420213
  1.711500  0.790725  0.099959  0.421190
  1.713250  0.795566  0.100455  0.422172
  1.715000  0.800438  0.100959  0.423158
  1.716750  0.805343  0.101469  0.424149
  1.718500  0.810279  0.101987  0.425145
  1.720250  0.815247  0.102512  0.426146
  1.722000  0.820248  0.103044  0.427152
  1.723750  0.825281  0.103584  0.428163
  1.725500  0.830347  0.104131  0.429179
  1.727250  0.835447  0.104685  0.430200
  1.729000  0.840579  0.105248  0.431226
  1.730750  0.845745  0.105818  0.432257
  1.732500  0.850945  0.106396  0.433294
  1.734250  0.856179  0.106982  0.434335
  1.736000  0.861447  0.107576  0.435382
  1.737750  0.866749  0.108178  0.436434
  1.739500  0.872086  0.108788  0.437491
  1.741250  0.877458  0.109407  0.438554
  1.743000  0.882865  0.110034  0.439622
  1.744750  0.888307  0.110670  0.440696
  1.746500  0.893785  0.111315  0.441775
  1.748250  0.899299  0.111968  0.442859
  1.750000  0.904849  0.112630  0.443950
